[gd_scene load_steps=41 format=3 uid="uid://4ac7sumeibg1"]

[ext_resource type="Script" path="res://Features/Character/CharacterController.cs" id="1_1yoxy"]
[ext_resource type="ArrayMesh" uid="uid://b111tbrgf4mfe" path="res://Imports/meshes/sporty_male.res" id="2_vm8xk"]
[ext_resource type="Skin" uid="uid://d2d6a6dbc5eke" path="res://Assets/character_skin.tres" id="3_o7gns"]
[ext_resource type="Animation" uid="uid://hpb5s7expgss" path="res://Animations/Fast Run.res" id="4_mkcmi"]
[ext_resource type="Animation" uid="uid://cswf2etkamgl1" path="res://Animations/Idle.res" id="5_lo4qa"]
[ext_resource type="Animation" uid="uid://j07bfs20bkd1" path="res://Animations/Strafe Left.res" id="6_ps6q1"]
[ext_resource type="Animation" uid="uid://bllriyt1wb2mx" path="res://Animations/Strafe Right.res" id="7_ju0my"]
[ext_resource type="Animation" uid="uid://6n1ybklsq3wa" path="res://Animations/Run Backwards.res" id="8_ciiti"]
[ext_resource type="Animation" uid="uid://eu7nm3kglv6w" path="res://Animations/Jumping Start.res" id="9_l2fds"]
[ext_resource type="Animation" uid="uid://c74xbgpexj37f" path="res://Animations/Jumping Idle.res" id="10_kc2sn"]
[ext_resource type="Animation" uid="uid://cel0n2pbnv8sh" path="res://Animations/Jumping Down.res" id="11_ddp7o"]
[ext_resource type="Animation" uid="uid://k6s8pwrl68e6" path="res://Animations/Stable Sword Outward Slash.res" id="12_hhmrd"]

[sub_resource type="AnimationLibrary" id="AnimationLibrary_7lh75"]
_data = {
"Fast Run": ExtResource("4_mkcmi"),
"Idle": ExtResource("5_lo4qa"),
"Jumping Down": ExtResource("11_ddp7o"),
"Jumping Idle": ExtResource("10_kc2sn"),
"Jumping Start": ExtResource("9_l2fds"),
"Run Backwards": ExtResource("8_ciiti"),
"Stable Sword Outward Slash": ExtResource("12_hhmrd"),
"Strafe Left": ExtResource("6_ps6q1"),
"Strafe Right": ExtResource("7_ju0my")
}

[sub_resource type="AnimationNodeTransition" id="AnimationNodeTransition_f0xop"]
xfade_time = 0.25
input_0/name = "aiming"
input_0/auto_advance = false
input_0/reset = true
input_1/name = "not_aiming"
input_1/auto_advance = false
input_1/reset = true

[sub_resource type="AnimationNodeAnimation" id="AnimationNodeAnimation_nel22"]
animation = &"Strafe Left"

[sub_resource type="AnimationNodeAnimation" id="AnimationNodeAnimation_512mn"]
animation = &"Strafe Right"

[sub_resource type="AnimationNodeAnimation" id="AnimationNodeAnimation_7uqg6"]
animation = &"Run Backwards"

[sub_resource type="AnimationNodeAnimation" id="AnimationNodeAnimation_s58nf"]
animation = &"Fast Run"

[sub_resource type="AnimationNodeAnimation" id="AnimationNodeAnimation_g58yu"]
animation = &"Idle"

[sub_resource type="AnimationNodeAnimation" id="AnimationNodeAnimation_l141n"]
animation = &"Idle"

[sub_resource type="AnimationNodeAnimation" id="AnimationNodeAnimation_bjmf5"]
animation = &"Idle"

[sub_resource type="AnimationNodeAnimation" id="AnimationNodeAnimation_rqdkl"]
animation = &"Idle"

[sub_resource type="AnimationNodeAnimation" id="AnimationNodeAnimation_yvp1g"]
animation = &"Idle"

[sub_resource type="AnimationNodeBlendSpace2D" id="AnimationNodeBlendSpace2D_nc4rx"]
blend_point_0/node = SubResource("AnimationNodeAnimation_nel22")
blend_point_0/pos = Vector2(-1, 0)
blend_point_1/node = SubResource("AnimationNodeAnimation_512mn")
blend_point_1/pos = Vector2(1, 0)
blend_point_2/node = SubResource("AnimationNodeAnimation_7uqg6")
blend_point_2/pos = Vector2(0, 1.1)
blend_point_3/node = SubResource("AnimationNodeAnimation_s58nf")
blend_point_3/pos = Vector2(0, -1.1)
blend_point_4/node = SubResource("AnimationNodeAnimation_g58yu")
blend_point_4/pos = Vector2(0, 0)
blend_point_5/node = SubResource("AnimationNodeAnimation_l141n")
blend_point_5/pos = Vector2(0, 0.1)
blend_point_6/node = SubResource("AnimationNodeAnimation_bjmf5")
blend_point_6/pos = Vector2(0.1, 0)
blend_point_7/node = SubResource("AnimationNodeAnimation_rqdkl")
blend_point_7/pos = Vector2(0, -0.1)
blend_point_8/node = SubResource("AnimationNodeAnimation_yvp1g")
blend_point_8/pos = Vector2(-0.1, 0)

[sub_resource type="AnimationNodeAnimation" id="AnimationNodeAnimation_dvh6e"]
animation = &"Stable Sword Outward Slash"

[sub_resource type="AnimationNodeOneShot" id="AnimationNodeOneShot_knxr6"]
filter_enabled = true
filters = ["Armature/Skeleton3D:LeftHandIndex1", "Armature/Skeleton3D:LeftHandIndex2", "Armature/Skeleton3D:LeftHandIndex3", "Armature/Skeleton3D:LeftHandIndex4", "Armature/Skeleton3D:LeftHandThumb1", "Armature/Skeleton3D:LeftHandThumb2", "Armature/Skeleton3D:LeftHandThumb3", "Armature/Skeleton3D:LeftHandThumb4", "Armature/Skeleton3D:RightArm", "Armature/Skeleton3D:RightForeArm", "Armature/Skeleton3D:RightHand", "Armature/Skeleton3D:RightHandIndex1", "Armature/Skeleton3D:RightHandIndex2", "Armature/Skeleton3D:RightHandIndex3", "Armature/Skeleton3D:RightHandIndex4", "Armature/Skeleton3D:RightHandMiddle1", "Armature/Skeleton3D:RightHandMiddle2", "Armature/Skeleton3D:RightHandMiddle3", "Armature/Skeleton3D:RightHandMiddle4", "Armature/Skeleton3D:RightHandThumb1", "Armature/Skeleton3D:RightHandThumb2", "Armature/Skeleton3D:RightHandThumb3", "Armature/Skeleton3D:RightHandThumb4", "Armature/Skeleton3D:RightShoulder"]
fadein_time = 0.25
fadeout_time = 0.25

[sub_resource type="AnimationNodeAnimation" id="AnimationNodeAnimation_grj0e"]
animation = &"Idle"

[sub_resource type="AnimationNodeOneShot" id="AnimationNodeOneShot_wfjcg"]
fadein_time = 0.15
fadeout_time = 0.15

[sub_resource type="AnimationNodeAnimation" id="AnimationNodeAnimation_wnt7m"]
animation = &"Jumping Down"

[sub_resource type="AnimationNodeAnimation" id="AnimationNodeAnimation_var4l"]
animation = &"Jumping Idle"

[sub_resource type="AnimationNodeAnimation" id="AnimationNodeAnimation_07ak7"]
animation = &"Jumping Start"

[sub_resource type="AnimationNodeStateMachineTransition" id="AnimationNodeStateMachineTransition_76ttf"]
xfade_time = 0.1
advance_mode = 2

[sub_resource type="AnimationNodeStateMachineTransition" id="AnimationNodeStateMachineTransition_c62kt"]
advance_mode = 2
advance_condition = &"stopped"

[sub_resource type="AnimationNodeStateMachineTransition" id="AnimationNodeStateMachineTransition_fqukc"]
xfade_time = 0.15
advance_mode = 2

[sub_resource type="AnimationNodeStateMachineTransition" id="AnimationNodeStateMachineTransition_b5bhx"]
advance_mode = 2

[sub_resource type="AnimationNodeStateMachine" id="AnimationNodeStateMachine_70u0m"]
states/End/position = Vector2(940, 177)
"states/Jumping Down/node" = SubResource("AnimationNodeAnimation_wnt7m")
"states/Jumping Down/position" = Vector2(751, 177)
"states/Jumping Idle/node" = SubResource("AnimationNodeAnimation_var4l")
"states/Jumping Idle/position" = Vector2(566, 177)
"states/Jumping Start/node" = SubResource("AnimationNodeAnimation_07ak7")
"states/Jumping Start/position" = Vector2(353, 177)
states/Start/position = Vector2(191, 177)
transitions = ["Jumping Down", "End", SubResource("AnimationNodeStateMachineTransition_76ttf"), "Jumping Idle", "Jumping Down", SubResource("AnimationNodeStateMachineTransition_c62kt"), "Jumping Start", "Jumping Idle", SubResource("AnimationNodeStateMachineTransition_fqukc"), "Start", "Jumping Start", SubResource("AnimationNodeStateMachineTransition_b5bhx")]
graph_offset = Vector2(151, -21)

[sub_resource type="AnimationNodeTransition" id="AnimationNodeTransition_k271w"]
xfade_time = 0.15
input_0/name = "Idle"
input_0/auto_advance = false
input_0/reset = true
input_1/name = "Running"
input_1/auto_advance = false
input_1/reset = true

[sub_resource type="AnimationNodeAnimation" id="AnimationNodeAnimation_s0myc"]
animation = &"Fast Run"

[sub_resource type="AnimationNodeTimeScale" id="AnimationNodeTimeScale_nre8g"]

[sub_resource type="AnimationNodeBlendTree" id="AnimationNodeBlendTree_lldih"]
graph_offset = Vector2(78.0464, 238.656)
nodes/AimingBlend/node = SubResource("AnimationNodeTransition_f0xop")
nodes/AimingBlend/position = Vector2(1000, 400)
nodes/AimingRun/node = SubResource("AnimationNodeBlendSpace2D_nc4rx")
nodes/AimingRun/position = Vector2(540, 220)
nodes/Animation/node = SubResource("AnimationNodeAnimation_dvh6e")
nodes/Animation/position = Vector2(1120, 760)
nodes/AttackOneShot/node = SubResource("AnimationNodeOneShot_knxr6")
nodes/AttackOneShot/position = Vector2(1560, 380)
nodes/Idle/node = SubResource("AnimationNodeAnimation_grj0e")
nodes/Idle/position = Vector2(320, 500)
nodes/JumpOneShot/node = SubResource("AnimationNodeOneShot_wfjcg")
nodes/JumpOneShot/position = Vector2(1280, 340)
nodes/JumpStateMachine/node = SubResource("AnimationNodeStateMachine_70u0m")
nodes/JumpStateMachine/position = Vector2(900, 640)
nodes/Run/node = SubResource("AnimationNodeTransition_k271w")
nodes/Run/position = Vector2(680, 520)
nodes/Running/node = SubResource("AnimationNodeAnimation_s0myc")
nodes/Running/position = Vector2(320, 680)
nodes/TimeScale/node = SubResource("AnimationNodeTimeScale_nre8g")
nodes/TimeScale/position = Vector2(1440, 700)
nodes/output/position = Vector2(1780, 540)
node_connections = [&"AimingBlend", 0, &"AimingRun", &"AimingBlend", 1, &"Run", &"AttackOneShot", 0, &"JumpOneShot", &"AttackOneShot", 1, &"TimeScale", &"JumpOneShot", 0, &"AimingBlend", &"JumpOneShot", 1, &"JumpStateMachine", &"Run", 0, &"Idle", &"Run", 1, &"Running", &"TimeScale", 0, &"Animation", &"output", 0, &"AttackOneShot"]

[node name="character" type="Node3D"]
script = ExtResource("1_1yoxy")

[node name="Armature" type="Node3D" parent="."]
transform = Transform3D(-0.01, 1.50996e-09, -6.60024e-17, 0, -4.37114e-10, -0.01, -1.50996e-09, -0.01, 4.37114e-10, 0, 0, 0)

[node name="Skeleton3D" type="Skeleton3D" parent="Armature"]
transform = Transform3D(1, -2.52249e-15, 0, -2.66454e-15, 1, 0, 0, 0, 1, 0, 0, 0)
bones/0/name = "Hips"
bones/0/parent = -1
bones/0/rest = Transform3D(1, 0, 0, 0, 0, 1, 0, -1, 0, 0.0545387, -2.89917, -92.7975)
bones/0/enabled = true
bones/0/position = Vector3(0.00799887, -2.04556, -92.5612)
bones/0/rotation = Quaternion(-0.731993, -0.0457449, 0.0140627, 0.679629)
bones/0/scale = Vector3(1, 1, 1)
bones/1/name = "Spine"
bones/1/parent = 0
bones/1/rest = Transform3D(1, 0, 0, 0, 0.998853, 0.0478833, 0, -0.0478833, 0.998853, 0, 11.1402, -0.534044)
bones/1/enabled = true
bones/1/position = Vector3(0, 11.1402, -0.534044)
bones/1/rotation = Quaternion(-0.00134248, 0.013762, 0.0240195, 0.999616)
bones/1/scale = Vector3(1, 1, 1)
bones/2/name = "Spine1"
bones/2/parent = 1
bones/2/rest = Transform3D(1, 0, 0, 0, 1, -1.49012e-08, 0, 1.49012e-08, 1, -3.72529e-09, 13.0119, 1.19209e-07)
bones/2/enabled = true
bones/2/position = Vector3(-3.72529e-09, 13.0119, 1.19209e-07)
bones/2/rotation = Quaternion(0.0097504, 0.00233027, 0.0142013, 0.999849)
bones/2/scale = Vector3(1, 1, 1)
bones/3/name = "Spine2"
bones/3/parent = 2
bones/3/rest = Transform3D(1, 0, 0, 0, 1, -2.98023e-08, 0, 2.98023e-08, 1, -3.72529e-09, 14.8707, -1.43051e-06)
bones/3/enabled = true
bones/3/position = Vector3(-3.72529e-09, 14.8707, -1.43051e-06)
bones/3/rotation = Quaternion(0.00889504, 0.00254106, 0.0144531, 0.999853)
bones/3/scale = Vector3(1, 1, 1)
bones/4/name = "Neck"
bones/4/parent = 3
bones/4/rest = Transform3D(1, 0, 0, 0, 0.998853, -0.0478833, 0, 0.0478833, 0.998853, -3.72529e-09, 16.7296, 5.96046e-07)
bones/4/enabled = true
bones/4/position = Vector3(-3.72529e-09, 16.7296, 5.96046e-07)
bones/4/rotation = Quaternion(0.078942, -0.00245756, 0.00528836, 0.996862)
bones/4/scale = Vector3(1, 1, 1)
bones/5/name = "Head"
bones/5/parent = 4
bones/5/rest = Transform3D(1, 0, 0, 0, 1, 0, 0, 0, 1, -3.72529e-09, 0.520096, 0.00794725)
bones/5/enabled = true
bones/5/position = Vector3(-3.72529e-09, 0.520096, 0.00794725)
bones/5/rotation = Quaternion(-0.0679547, 0.00836014, -0.000821964, 0.997653)
bones/5/scale = Vector3(1, 1, 1)
bones/6/name = "HeadTop_End"
bones/6/parent = 5
bones/6/rest = Transform3D(1, 0, 0, 0, 1, 0, 0, 0, 1, -3.72529e-09, 36.197, 0.553123)
bones/6/enabled = true
bones/6/position = Vector3(-3.72529e-09, 36.197, 0.553123)
bones/6/rotation = Quaternion(0, 0, 0, 1)
bones/6/scale = Vector3(1, 1, 1)
bones/7/name = "LeftShoulder"
bones/7/parent = 3
bones/7/rest = Transform3D(-0.0101825, 0.986073, -0.166, -2.89977e-05, -0.166009, -0.986124, -0.999948, -0.0100364, 0.001719, 7.58829, 15.4423, -0.0777172)
bones/7/enabled = true
bones/7/position = Vector3(7.58829, 15.4423, -0.0777172)
bones/7/rotation = Quaternion(-0.687592, -0.319, 0.518192, -0.396148)
bones/7/scale = Vector3(1, 1, 1)
bones/8/name = "LeftArm"
bones/8/parent = 7
bones/8/rest = Transform3D(0.999015, -0.044041, 0.00539702, 0.0443704, 0.991598, -0.121511, -2.00002e-07, 0.121631, 0.992575, -8.34465e-07, 15.405, 3.01003e-06)
bones/8/enabled = true
bones/8/position = Vector3(-8.34465e-07, 15.405, 3.01003e-06)
bones/8/rotation = Quaternion(0.485754, 0.12585, 0.0386198, 0.864126)
bones/8/scale = Vector3(1, 1, 1)
bones/9/name = "LeftForeArm"
bones/9/parent = 8
bones/9/rest = Transform3D(0.99997, -0.00731746, -0.00234756, 0.0076848, 0.952172, 0.305465, 6.0536e-08, -0.305474, 0.9522, 1.19209e-07, 31.0393, -1.90735e-06)
bones/9/enabled = true
bones/9/position = Vector3(9.12589e-07, 31.7064, -6.70536e-06)
bones/9/rotation = Quaternion(-0.0210049, -0.00361479, 0.0549434, 0.998262)
bones/9/scale = Vector3(1, 1, 1)
bones/10/name = "LeftHand"
bones/10/parent = 9
bones/10/rest = Transform3D(0.997527, 0.0647685, -0.0272845, -0.0660231, 0.996667, -0.0479132, 0.0240903, 0.0495962, 0.998479, 9.53674e-07, 27.3001, 1.87159e-05)
bones/10/enabled = true
bones/10/position = Vector3(-1.37937e-06, 29.0694, -4.10857e-05)
bones/10/rotation = Quaternion(0.0216232, -0.272597, 0.0869004, 0.957952)
bones/10/scale = Vector3(1, 1, 1)
bones/11/name = "LeftHandThumb1"
bones/11/parent = 10
bones/11/rest = Transform3D(0.872452, -0.469681, 0.13501, 0.4887, 0.838497, -0.241028, 7.52509e-07, 0.276264, 0.961082, -3.19819, 4.18561, 1.49891)
bones/11/enabled = true
bones/11/position = Vector3(-3.13678, 3.4057, 1.37709)
bones/11/rotation = Quaternion(0.195158, 0.104105, 0.102555, 0.969824)
bones/11/scale = Vector3(1, 1, 1)
bones/12/name = "LeftHandThumb2"
bones/12/parent = 11
bones/12/rest = Transform3D(1, -7.92861e-08, -4.96164e-07, 1.57088e-08, 0.991922, -0.126847, 5.02213e-07, 0.126847, 0.991922, -0.595793, 4.34072, 2.79099e-05)
bones/12/enabled = true
bones/12/position = Vector3(-0.691779, 3.80204, -1.32795e-05)
bones/12/rotation = Quaternion(-0.0494064, 0.084131, -0.215908, 0.971527)
bones/12/scale = Vector3(1, 1, 1)
bones/13/name = "LeftHandThumb3"
bones/13/parent = 12
bones/13/rest = Transform3D(1, 4.05626e-07, -1.7633e-07, -3.24531e-07, 0.943779, 0.330578, 3.00507e-07, -0.330578, 0.943779, -0.311589, 4.89689, -1.62721e-05)
bones/13/enabled = true
bones/13/position = Vector3(-0.290395, 4.54316, -2.14852e-05)
bones/13/rotation = Quaternion(-0.260452, -0.071153, 0.0209129, 0.962634)
bones/13/scale = Vector3(1, 1, 1)
bones/14/name = "LeftHandThumb4"
bones/14/parent = 13
bones/14/rest = Transform3D(1, -1.60187e-07, 1.13621e-07, 1.60187e-07, 1, 2.23518e-08, -1.13621e-07, -2.23517e-08, 1, 0.907377, 3.28209, 6.1512e-05)
bones/14/enabled = true
bones/14/position = Vector3(0.907377, 3.28209, 6.1512e-05)
bones/14/rotation = Quaternion(-1.11759e-08, 5.68107e-08, 8.00938e-08, 1)
bones/14/scale = Vector3(1, 1, 1)
bones/15/name = "LeftHandIndex1"
bones/15/parent = 10
bones/15/rest = Transform3D(0.999086, -0.0424968, 0.0046553, 0.042751, 0.993145, -0.108794, 2.30502e-08, 0.108894, 0.994053, -2.8958, 10.8633, -0.21232)
bones/15/enabled = true
bones/15/position = Vector3(-2.89147, 9.2055, -0.308142)
bones/15/rotation = Quaternion(0.0457808, 0.00624693, -0.0719683, 0.996336)
bones/15/scale = Vector3(1, 1, 1)
bones/16/name = "LeftHandIndex2"
bones/16/parent = 15
bones/16/rest = Transform3D(1, -7.9373e-08, 2.53342e-08, 8.17458e-08, 0.993466, -0.114131, -1.61097e-08, 0.114131, 0.993466, -0.000888228, 4.44764, 4.99822e-05)
bones/16/enabled = true
bones/16/position = Vector3(0.00421235, 4.40802, -4.50276e-05)
bones/16/rotation = Quaternion(0.176013, 0.000231924, -0.0124801, 0.984309)
bones/16/scale = Vector3(1, 1, 1)
bones/17/name = "LeftHandIndex3"
bones/17/parent = 16
bones/17/rest = Transform3D(1, 2.79836e-07, -1.09879e-07, -2.48224e-07, 0.974737, 0.223354, 1.69605e-07, -0.223354, 0.974737, -0.0410238, 4.15715, -3.67742e-05)
bones/17/enabled = true
bones/17/position = Vector3(-0.00293256, 4.24755, 2.8929e-05)
bones/17/rotation = Quaternion(0.0524549, -5.98049e-06, -0.00536941, 0.998609)
bones/17/scale = Vector3(1, 1, 1)
bones/18/name = "LeftHandIndex4"
bones/18/parent = 17
bones/18/rest = Transform3D(1, -6.8685e-09, -9.96806e-09, 6.8685e-09, 1, 3.25963e-09, 9.96806e-09, -3.25963e-09, 1, 0.0419139, 3.12394, 1.58688e-05)
bones/18/enabled = true
bones/18/position = Vector3(0.0419139, 3.12394, 1.58688e-05)
bones/18/rotation = Quaternion(-1.62981e-09, -4.98403e-09, 3.43425e-09, 1)
bones/18/scale = Vector3(1, 1, 1)
bones/19/name = "LeftHandMiddle1"
bones/19/parent = 10
bones/19/rest = Transform3D(0.994204, -0.106843, 0.011986, 0.107514, 0.988006, -0.110837, -4.93601e-08, 0.111483, 0.993766, 2.8958, 10.7043, -0.136428)
bones/19/enabled = true
bones/19/position = Vector3(2.89147, 8.73687, -0.204259)
bones/19/rotation = Quaternion(0.0682691, -0.0157471, -0.114646, 0.990933)
bones/19/scale = Vector3(1, 1, 1)
bones/20/name = "LeftHandMiddle2"
bones/20/parent = 19
bones/20/rest = Transform3D(1, -4.88362e-08, -2.54818e-07, 4.9884e-08, 0.999992, 0.00411329, 2.54615e-07, -0.00411329, 0.999992, 0.0300114, 4.71719, 4.65512e-05)
bones/20/enabled = true
bones/20/position = Vector3(0.036393, 6.15326, 1.54885e-05)
bones/20/rotation = Quaternion(0.278638, 0.00122477, -0.0119233, 0.960321)
bones/20/scale = Vector3(1, 1, 1)
bones/21/name = "LeftHandMiddle3"
bones/21/parent = 20
bones/21/rest = Transform3D(1, -7.88408e-08, -3.16527e-09, 7.87855e-08, 0.995489, 0.0948799, -4.32942e-09, -0.09488, 0.995489, -0.0387499, 4.10285, -1.82092e-05)
bones/21/enabled = true
bones/21/position = Vector3(-0.0211553, 3.34067, -3.09703e-05)
bones/21/rotation = Quaternion(0.124963, 0.000172242, -0.0111834, 0.992098)
bones/21/scale = Vector3(1, 1, 1)
bones/22/name = "LeftHandMiddle4"
bones/22/parent = 21
bones/22/rest = Transform3D(1, -1.62981e-09, 3.60887e-09, 1.62981e-09, 1, 6.98492e-09, -3.60887e-09, -6.98492e-09, 1, 0.00873971, 2.71235, -3.14713e-05)
bones/22/enabled = true
bones/22/position = Vector3(0.00873971, 2.71235, -3.14713e-05)
bones/22/rotation = Quaternion(-3.49246e-09, 1.80444e-09, 8.14907e-10, 1)
bones/22/scale = Vector3(1, 1, 1)
bones/23/name = "RightShoulder"
bones/23/parent = 3
bones/23/rest = Transform3D(-0.00597692, -0.986073, 0.166205, 2.69711e-05, -0.166208, -0.986091, 0.999982, -0.00588927, 0.00101995, -7.58829, 15.4408, -0.0457758)
bones/23/enabled = true
bones/23/position = Vector3(-7.58829, 15.4408, -0.0457758)
bones/23/rotation = Quaternion(0.688133, -0.312661, 0.538327, 0.372722)
bones/23/scale = Vector3(1, 1, 1)
bones/24/name = "RightArm"
bones/24/parent = 23
bones/24/rest = Transform3D(0.999526, 0.0305582, -0.00372443, -0.0307843, 0.992183, -0.120936, -2.50991e-07, 0.120993, 0.992653, 7.7486e-07, 15.405, 7.15256e-07)
bones/24/enabled = true
bones/24/position = Vector3(7.7486e-07, 15.405, 7.15256e-07)
bones/24/rotation = Quaternion(0.406241, -0.224243, -0.0695904, 0.883086)
bones/24/scale = Vector3(1, 1, 1)
bones/25/name = "RightForeArm"
bones/25/parent = 24
bones/25/rest = Transform3D(0.999817, 0.0182287, 0.00583697, -0.0191404, 0.952187, 0.304917, 3.56231e-07, -0.304973, 0.952361, 5.96046e-07, 31.0266, 7.55489e-06)
bones/25/enabled = true
bones/25/position = Vector3(-1.53575e-07, 31.709, -2.2181e-05)
bones/25/rotation = Quaternion(-0.0171656, 0.00378944, -0.0922202, 0.995584)
bones/25/scale = Vector3(1, 1, 1)
bones/26/name = "RightHand"
bones/26/parent = 25
bones/26/rest = Transform3D(0.998343, -0.00707892, 0.0571042, 0.0102351, 0.998425, -0.0551688, -0.0566237, 0.0556619, 0.996843, 7.15256e-07, 27.3021, -7.43568e-06)
bones/26/enabled = true
bones/26/position = Vector3(1.73803e-06, 29.0823, 7.92387e-06)
bones/26/rotation = Quaternion(0.0258819, 0.104676, -0.0481177, 0.993005)
bones/26/scale = Vector3(1, 1, 1)
bones/27/name = "RightHandThumb1"
bones/27/parent = 26
bones/27/rest = Transform3D(0.934063, 0.339553, -0.110589, -0.357108, 0.888147, -0.289257, 9.87202e-07, 0.309676, 0.950842, 3.25741, 4.60667, 1.78026)
bones/27/enabled = true
bones/27/position = Vector3(3.20003, 3.35588, 1.34303)
bones/27/rotation = Quaternion(0.186099, -0.0916824, -0.18243, 0.961083)
bones/27/scale = Vector3(1, 1, 1)
bones/28/name = "RightHandThumb2"
bones/28/parent = 27
bones/28/rest = Transform3D(1, -1.01149e-07, 5.00637e-07, 1.22369e-07, 0.999093, -0.042569, -4.95878e-07, 0.042569, 0.999094, 1.11804, 4.59901, -5.29997e-05)
bones/28/enabled = true
bones/28/position = Vector3(0.595333, 3.81596, -3.3436e-05)
bones/28/rotation = Quaternion(-0.0285257, -0.0712437, 0.258505, 0.962957)
bones/28/scale = Vector3(1, 1, 1)
bones/29/name = "RightHandThumb3"
bones/29/parent = 28
bones/29/rest = Transform3D(1, -4.1662e-07, -1.15778e-07, 4.31815e-07, 0.948143, 0.317844, -2.26459e-08, -0.317844, 0.948143, 0.199362, 4.6084, 3.18289e-05)
bones/29/enabled = true
bones/29/position = Vector3(0.0376391, 4.61736, -3.84087e-06)
bones/29/rotation = Quaternion(-0.15492, 0.0752794, -0.051494, 0.983708)
bones/29/scale = Vector3(1, 1, 1)
bones/30/name = "RightHandThumb4"
bones/30/parent = 29
bones/30/rest = Transform3D(1, 2.20025e-08, 2.79397e-09, -2.20025e-08, 1, 4.65661e-08, -2.79397e-09, -4.65661e-08, 1, -1.31741, 2.52436, -4.17829e-05)
bones/30/enabled = true
bones/30/position = Vector3(-1.31741, 2.52436, -4.17829e-05)
bones/30/rotation = Quaternion(-2.32831e-08, 1.39698e-09, -1.10012e-08, 1)
bones/30/scale = Vector3(1, 1, 1)
bones/31/name = "RightHandIndex1"
bones/31/parent = 26
bones/31/rest = Transform3D(0.999006, -0.0441819, 0.00585898, 0.0445687, 0.990337, -0.131326, -1.2829e-07, 0.131457, 0.991322, 2.53603, 11.9962, -0.222284)
bones/31/enabled = true
bones/31/position = Vector3(2.55918, 8.91718, -0.336344)
bones/31/rotation = Quaternion(0.0377199, -0.00648391, -0.0158803, 0.999141)
bones/31/scale = Vector3(1, 1, 1)
bones/32/name = "RightHandIndex2"
bones/32/parent = 31
bones/32/rest = Transform3D(1, -3.04629e-07, 9.38748e-08, 3.10976e-07, 0.997006, -0.0773264, -7.00379e-08, 0.0773264, 0.997006, 0.00151975, 4.16156, -4.1239e-06)
bones/32/enabled = true
bones/32/position = Vector3(-0.0190872, 4.6832, -1.81789e-05)
bones/32/rotation = Quaternion(0.180746, -7.20516e-05, 0.000589567, 0.98353)
bones/32/scale = Vector3(1, 1, 1)
bones/33/name = "RightHandIndex3"
bones/33/parent = 32
bones/33/rest = Transform3D(1, 3.14742e-07, -1.29078e-07, -2.75833e-07, 0.972276, 0.233836, 1.99097e-07, -0.233836, 0.972276, 0.00987615, 4.09924, -2.25287e-05)
bones/33/enabled = true
bones/33/position = Vector3(0.0189146, 4.39018, -1.46388e-05)
bones/33/rotation = Quaternion(0.0646349, -3.33698e-05, -0.00208299, 0.997907)
bones/33/scale = Vector3(1, 1, 1)
bones/34/name = "RightHandIndex4"
bones/34/parent = 33
bones/34/rest = Transform3D(1, -5.2969e-09, 6.66842e-09, 5.2969e-09, 1, 1.72877e-08, -6.66842e-09, -1.72877e-08, 1, -0.0113997, 2.39324, -8.62591e-06)
bones/34/enabled = true
bones/34/position = Vector3(-0.0113997, 2.39324, -8.62591e-06)
bones/34/rotation = Quaternion(-8.64384e-09, 3.33421e-09, 2.64845e-09, 1)
bones/34/scale = Vector3(1, 1, 1)
bones/35/name = "RightHandMiddle1"
bones/35/parent = 26
bones/35/rest = Transform3D(0.999236, -0.0384259, 0.00719864, 0.0390943, 0.98215, -0.183994, -1.42027e-08, 0.184135, 0.982901, -2.53602, 11.0846, -0.311632)
bones/35/enabled = true
bones/35/position = Vector3(-2.55918, 9.35058, -0.439498)
bones/35/rotation = Quaternion(0.235797, -0.00363527, 0.119825, 0.96438)
bones/35/scale = Vector3(1, 1, 1)
bones/36/name = "RightHandMiddle2"
bones/36/parent = 35
bones/36/rest = Transform3D(1, -1.66822e-07, 2.27331e-07, 1.60538e-07, 0.999625, 0.0273711, -2.31811e-07, -0.0273711, 0.999625, -0.00199747, 4.65777, -7.27177e-06)
bones/36/enabled = true
bones/36/position = Vector3(-0.00806336, 4.84055, -1.40071e-05)
bones/36/rotation = Quaternion(0.0516461, 0.00165845, 0.0163661, 0.99853)
bones/36/scale = Vector3(1, 1, 1)
bones/37/name = "RightHandMiddle3"
bones/37/parent = 36
bones/37/rest = Transform3D(1, 1.34158e-07, -3.34539e-07, -1.73179e-07, 0.992832, -0.119517, 3.16107e-07, 0.119517, 0.992832, -0.00367767, 3.79548, -6.91414e-06)
bones/37/enabled = true
bones/37/position = Vector3(0.0226718, 4.06936, 1.14989e-05)
bones/37/rotation = Quaternion(0.117324, -0.00208911, -0.00508915, 0.993078)
bones/37/scale = Vector3(1, 1, 1)
bones/38/name = "RightHandMiddle4"
bones/38/parent = 37
bones/38/rest = Transform3D(1, -5.12227e-09, 1.04192e-08, 5.12227e-09, 1, 2.49129e-08, -1.04192e-08, -2.49129e-08, 1, 0.00567073, 2.3634, 1.508e-05)
bones/38/enabled = true
bones/38/position = Vector3(0.00567073, 2.3634, 1.508e-05)
bones/38/rotation = Quaternion(-1.24564e-08, 5.20959e-09, 2.56114e-09, 1)
bones/38/scale = Vector3(1, 1, 1)
bones/39/name = "LeftUpLeg"
bones/39/parent = 0
bones/39/rest = Transform3D(-0.999937, 0.0112472, -2.53931e-08, -0.0112436, -0.999615, 0.0253389, 0.000284965, 0.0253373, 0.999679, 11.6663, -6.18459, 0.478573)
bones/39/enabled = true
bones/39/position = Vector3(11.6663, -6.18459, 0.478573)
bones/39/rotation = Quaternion(0.13827, 0.0848221, 0.983572, -0.079199)
bones/39/scale = Vector3(1, 1, 1)
bones/40/name = "LeftLeg"
bones/40/parent = 39
bones/40/rest = Transform3D(0.999633, 0.0269605, 0.00263996, -0.0270894, 0.994877, 0.0974001, -4.79864e-07, -0.0974359, 0.995242, 1.01048e-07, 42.305, -2.31389e-08)
bones/40/enabled = true
bones/40/position = Vector3(1.01048e-07, 42.305, -2.31389e-08)
bones/40/rotation = Quaternion(-0.123155, -0.00809154, 0.0173837, 0.992202)
bones/40/scale = Vector3(1, 1, 1)
bones/41/name = "LeftFoot"
bones/41/parent = 40
bones/41/rest = Transform3D(0.988651, 0.114991, 0.0966777, -1.49012e-08, 0.643525, -0.765425, -0.150231, 0.756738, 0.636222, 8.38889e-07, 32.8389, 3.35276e-07)
bones/41/enabled = true
bones/41/position = Vector3(8.38889e-07, 32.8389, 3.35276e-07)
bones/41/rotation = Quaternion(0.345057, -0.164224, 0.00444974, 0.924092)
bones/41/scale = Vector3(1, 1, 1)
bones/42/name = "LeftToeBase"
bones/42/parent = 41
bones/42/rest = Transform3D(0.961129, 0.19639, 0.194066, -3.72529e-08, 0.702887, -0.711301, -0.276099, 0.683653, 0.675565, -1.07195e-06, 17.3404, -6.70552e-06)
bones/42/enabled = true
bones/42/position = Vector3(-9.81134e-07, 13.2597, 2.80142e-06)
bones/42/rotation = Quaternion(0.430014, -0.0649336, 0.0193637, 0.900276)
bones/42/scale = Vector3(1, 1, 1)
bones/43/name = "LeftToe_End"
bones/43/parent = 42
bones/43/rest = Transform3D(1, -3.14903e-08, -1.22003e-07, 3.14903e-08, 1, -5.54137e-08, 1.22003e-07, 5.54137e-08, 1, 8.49366e-07, 6.47779, 1.99676e-06)
bones/43/enabled = true
bones/43/position = Vector3(8.49366e-07, 6.47779, 1.99676e-06)
bones/43/rotation = Quaternion(2.77068e-08, -6.10016e-08, 1.57452e-08, 1)
bones/43/scale = Vector3(1, 1, 1)
bones/44/name = "RightUpLeg"
bones/44/parent = 0
bones/44/rest = Transform3D(-0.999936, -0.0112486, -1.71203e-07, 0.0112463, -0.999739, 0.0198721, -0.000223704, 0.0198709, 0.999803, -11.6663, -6.18459, 0.765973)
bones/44/enabled = true
bones/44/position = Vector3(-11.6663, -6.18459, 0.765973)
bones/44/rotation = Quaternion(-0.0917597, -0.0188243, 0.99546, -0.0168688)
bones/44/scale = Vector3(1, 1, 1)
bones/45/name = "RightLeg"
bones/45/parent = 44
bones/45/rest = Transform3D(0.999633, -0.0269502, -0.00269997, 0.0270851, 0.99466, 0.0995864, 1.67976e-06, -0.099623, 0.995025, -1.59492e-06, 42.2997, -4.90033e-08)
bones/45/enabled = true
bones/45/position = Vector3(-1.59492e-06, 42.2997, -4.90033e-08)
bones/45/rotation = Quaternion(-0.0510084, 0.0846613, -0.00742403, 0.995076)
bones/45/scale = Vector3(1, 1, 1)
bones/46/name = "RightFoot"
bones/46/parent = 45
bones/46/rest = Transform3D(0.989005, -0.114415, -0.0936899, 1.30385e-07, 0.633553, -0.773699, 0.14788, 0.765192, 0.626588, 4.85219e-07, 32.8581, -5.7742e-08)
bones/46/enabled = true
bones/46/position = Vector3(4.85219e-07, 32.8581, -5.7742e-08)
bones/46/rotation = Quaternion(0.385048, 0.158021, -0.0416873, 0.908312)
bones/46/scale = Vector3(1, 1, 1)
bones/47/name = "RightToeBase"
bones/47/parent = 46
bones/47/rest = Transform3D(0.959287, -0.199977, -0.199445, 1.78814e-07, 0.706164, -0.708048, 0.282434, 0.679221, 0.677414, -5.2182e-06, 17.437, -2.26498e-06)
bones/47/enabled = true
bones/47/position = Vector3(-5.2182e-06, 17.437, -2.26498e-06)
bones/47/rotation = Quaternion(0.443045, 0.0685927, -0.0170443, 0.893709)
bones/47/scale = Vector3(1, 1, 1)
bones/48/name = "RightToe_End"
bones/48/parent = 47
bones/48/rest = Transform3D(1, -3.85917e-08, 8.28877e-08, 3.85917e-08, 1, -1.25729e-07, -8.28877e-08, 1.25729e-07, 1, 2.22772e-06, 6.45794, 1.10269e-06)
bones/48/enabled = true
bones/48/position = Vector3(2.22772e-06, 6.45794, 1.10269e-06)
bones/48/rotation = Quaternion(6.28643e-08, 4.14439e-08, 1.92958e-08, 1)
bones/48/scale = Vector3(1, 1, 1)

[node name="mesh" type="MeshInstance3D" parent="Armature/Skeleton3D"]
mesh = ExtResource("2_vm8xk")
skin = ExtResource("3_o7gns")

[node name="bone_left_thumb" type="BoneAttachment3D" parent="Armature/Skeleton3D"]
transform = Transform3D(0.185408, -0.387832, -0.90289, -0.865974, 0.369788, -0.336668, 0.464449, 0.8443, -0.267291, 26.0833, 4.36636, -78.0543)
bone_name = "LeftHandThumb1"
bone_idx = 11

[node name="slot_left_arm" type="Node3D" parent="Armature/Skeleton3D/bone_left_thumb"]
transform = Transform3D(-4.37114e-08, -1, -4.37114e-08, -1.5246e-23, -4.37114e-08, 1, -1, 4.37114e-08, 1.91069e-15, 0, 0, 0)

[node name="animation_player" type="AnimationPlayer" parent="."]
libraries = {
"": SubResource("AnimationLibrary_7lh75")
}
playback_default_blend_time = 0.25

[node name="AnimationTree" type="AnimationTree" parent="."]
libraries = {
"": SubResource("AnimationLibrary_7lh75")
}
tree_root = SubResource("AnimationNodeBlendTree_lldih")
anim_player = NodePath("../animation_player")
parameters/AimingBlend/current_state = "not_aiming"
parameters/AimingBlend/transition_request = ""
parameters/AimingBlend/current_index = 1
parameters/AimingRun/blend_position = Vector2(-0.0175439, 0.031359)
parameters/AttackOneShot/active = false
parameters/AttackOneShot/internal_active = false
parameters/AttackOneShot/request = 0
parameters/JumpOneShot/active = false
parameters/JumpOneShot/internal_active = false
parameters/JumpOneShot/request = 0
parameters/JumpStateMachine/conditions/stopped = false
parameters/Run/current_state = "Idle"
parameters/Run/transition_request = ""
parameters/Run/current_index = 0
parameters/TimeScale/scale = 1.8
