[gd_scene load_steps=27 format=3 uid="uid://bf5savv56mx5x"]

[ext_resource type="Script" path="res://Features/Level/LevelController.cs" id="1_oqx0k"]
[ext_resource type="PackedScene" uid="uid://d2dvfml0wryba" path="res://Features/Player/player.tscn" id="2_lynpd"]
[ext_resource type="ArrayMesh" uid="uid://c7km7jeq1xmpv" path="res://Imports/meshes/characters/knight_1.res" id="3_8h7cl"]
[ext_resource type="Script" path="res://DebugScripts/UI/CameraForwardDebug.cs" id="4_ww6xt"]
[ext_resource type="Script" path="res://DebugScripts/UI/PlayerVelocityDebug.cs" id="5_003qv"]
[ext_resource type="Script" path="res://DebugScripts/UI/PlayerPositionDebug.cs" id="6_xjsfp"]
[ext_resource type="Script" path="res://DebugScripts/Node/PlayerGroundDistanceDebug.cs" id="7_yvaoj"]
[ext_resource type="Script" path="res://DebugScripts/UI/BonesDebug.cs" id="8_08xhk"]
[ext_resource type="PackedScene" path="res://Assets/test_item.tscn" id="9_07nif"]
[ext_resource type="Script" path="res://DebugScripts/UI/PlayersDebug.cs" id="10_bul28"]
[ext_resource type="PackedScene" uid="uid://dnvxt0o8iq6aw" path="res://Features/Camera/3rdPerson/camera_3rd_person.tscn" id="11_wqehv"]
[ext_resource type="PackedScene" uid="uid://dolp8vwna7poo" path="res://Assets/cube.tscn" id="12_bpod7"]
[ext_resource type="Texture2D" uid="uid://cp5qlvycj4536" path="res://addons/kenney_prototype_textures/green/texture_10.png" id="13_g2s0t"]
[ext_resource type="Script" path="res://DebugScripts/Node/PlayerAttackDebug.cs" id="14_y3xcj"]
[ext_resource type="Texture2D" uid="uid://dojl5k52qujl6" path="res://addons/kenney_prototype_textures/light/texture_13.png" id="15_1rmf6"]

[sub_resource type="ProceduralSkyMaterial" id="ProceduralSkyMaterial_v72as"]

[sub_resource type="Sky" id="Sky_y5bj8"]
sky_material = SubResource("ProceduralSkyMaterial_v72as")

[sub_resource type="Environment" id="Environment_yr1yl"]
background_mode = 2
sky = SubResource("Sky_y5bj8")

[sub_resource type="StandardMaterial3D" id="StandardMaterial3D_e5aju"]
albedo_texture = ExtResource("13_g2s0t")
uv1_triplanar = true

[sub_resource type="BoxShape3D" id="BoxShape3D_csh3n"]
size = Vector3(65.815, 0.001, 65.69)

[sub_resource type="PlaneMesh" id="PlaneMesh_b6io6"]
size = Vector2(10, 10)

[sub_resource type="StandardMaterial3D" id="StandardMaterial3D_3afgb"]
albedo_texture = ExtResource("15_1rmf6")
metallic_specular = 0.0
uv1_triplanar = true
texture_filter = 0

[sub_resource type="BoxMesh" id="BoxMesh_31i71"]

[sub_resource type="BoxShape3D" id="BoxShape3D_f124f"]

[sub_resource type="BoxShape3D" id="BoxShape3D_q0hrp"]

[sub_resource type="BoxShape3D" id="BoxShape3D_4021c"]

[node name="level_00" type="Node3D"]
transform = Transform3D(1, 0, 0, 0, 1, 0, 0, 0, 1, 0.0083313, 0, -0.0205119)
script = ExtResource("1_oqx0k")

[node name="player" parent="." instance=ExtResource("2_lynpd")]
transform = Transform3D(1, 0, 0, 0, 1, 0, 0, 0, 1, 0, 0.053287, 0)
collision_layer = 3
PlayerModel = ExtResource("3_8h7cl")
JumpHeight = 5.0
JumpTimeToPeak = 0.7
JumpTimeToDescend = 0.6

[node name="WorldEnvironment" type="WorldEnvironment" parent="."]
environment = SubResource("Environment_yr1yl")

[node name="DirectionalLight3D" type="DirectionalLight3D" parent="."]
transform = Transform3D(0.350502, 0.53463, -0.768973, 0, 0.82106, 0.570843, 0.936562, -0.200081, 0.287783, -2.48021, 4.61833, 1.69351)
shadow_enabled = true

[node name="ui" type="Node2D" parent="."]
position = Vector2(1, 0)

[node name="VBoxContainer" type="VBoxContainer" parent="ui"]
offset_right = 40.0
offset_bottom = 40.0
size_flags_horizontal = 3
size_flags_vertical = 3

[node name="camera_forward" type="Label" parent="ui/VBoxContainer"]
custom_minimum_size = Vector2(200, 50)
layout_mode = 2
script = ExtResource("4_ww6xt")

[node name="velocity" type="Label" parent="ui/VBoxContainer"]
custom_minimum_size = Vector2(200, 50)
layout_mode = 2
script = ExtResource("5_003qv")

[node name="position" type="Label" parent="ui/VBoxContainer"]
custom_minimum_size = Vector2(200, 50)
layout_mode = 2
script = ExtResource("6_xjsfp")

[node name="distance" type="Label" parent="ui/VBoxContainer"]
custom_minimum_size = Vector2(200, 50)
layout_mode = 2
script = ExtResource("7_yvaoj")

[node name="bones" type="Label" parent="ui/VBoxContainer"]
custom_minimum_size = Vector2(200, 50)
layout_mode = 2
script = ExtResource("8_08xhk")
ItemPrefab = ExtResource("9_07nif")

[node name="players" type="Label" parent="ui/VBoxContainer"]
custom_minimum_size = Vector2(200, 50)
layout_mode = 2
script = ExtResource("10_bul28")

[node name="host" type="Button" parent="ui"]
offset_left = 323.0
offset_top = 3.0
offset_right = 374.0
offset_bottom = 34.0
text = "HOST"

[node name="join" type="Button" parent="ui"]
offset_left = 244.0
offset_top = 1.0
offset_right = 295.0
offset_bottom = 32.0
text = "JOIN
"

[node name="camera" parent="." instance=ExtResource("11_wqehv")]

[node name="Cube" parent="." instance=ExtResource("12_bpod7")]
transform = Transform3D(0.702843, 0.598414, 0.793109, -0.396888, 1.05972, -0.44786, -0.910824, 0, 0.807161, -3.87939, 1.06374, -0.829152)
skeleton = NodePath("../ground")
surface_material_override/0 = SubResource("StandardMaterial3D_e5aju")
script = ExtResource("14_y3xcj")

[node name="ground" type="Node3D" parent="."]

[node name="plane" type="StaticBody3D" parent="ground"]
collision_layer = 3

[node name="CollisionShape3D" type="CollisionShape3D" parent="ground/plane"]
transform = Transform3D(1, 0, 0, 0, 1, 0, 0, 0, 1, 0, -0.0045, 0)
shape = SubResource("BoxShape3D_csh3n")

[node name="plane" type="MeshInstance3D" parent="ground/plane/CollisionShape3D"]
transform = Transform3D(33.2273, 0, 0, 0, 33.2273, 0, 0, 0, 33.2273, 0, 0, 0)
mesh = SubResource("PlaneMesh_b6io6")
skeleton = NodePath("../../../..")
surface_material_override/0 = SubResource("StandardMaterial3D_3afgb")

[node name="MeshInstance3D2" type="MeshInstance3D" parent="ground"]
transform = Transform3D(0.404593, -0.223262, -0.886825, -0.326119, 0.870759, -0.368001, 0.854372, 0.438101, 0.279493, 4.01648, -4.76837e-07, -6.9273)
mesh = SubResource("BoxMesh_31i71")

[node name="StaticBody3D" type="StaticBody3D" parent="ground/MeshInstance3D2"]

[node name="CollisionShape3D" type="CollisionShape3D" parent="ground/MeshInstance3D2/StaticBody3D"]
transform = Transform3D(1, 5.00342e-08, -2.52968e-08, -7.5253e-08, 1, -5.69524e-08, 9.3729e-07, -1.12407e-09, 1, 0, 0, 0)
shape = SubResource("BoxShape3D_f124f")

[node name="MeshInstance3D3" type="MeshInstance3D" parent="ground"]
transform = Transform3D(0.434104, -0.85126, 0.294807, 0.791763, 0.20442, -0.575607, 0.429726, 0.48329, 0.762736, -7.28311, -4.76837e-07, 3.53601)
mesh = SubResource("BoxMesh_31i71")

[node name="StaticBody3D" type="StaticBody3D" parent="ground/MeshInstance3D3"]

[node name="CollisionShape3D" type="CollisionShape3D" parent="ground/MeshInstance3D3/StaticBody3D"]
shape = SubResource("BoxShape3D_q0hrp")

[node name="MeshInstance3D4" type="MeshInstance3D" parent="ground"]
transform = Transform3D(0.410595, 0.519571, 0.749305, 0.791763, 0.20442, -0.575607, -0.452242, 0.829614, -0.327443, 5.41554, -4.76837e-07, 6.88379)
mesh = SubResource("BoxMesh_31i71")

[node name="StaticBody3D" type="StaticBody3D" parent="ground/MeshInstance3D4"]

[node name="CollisionShape3D" type="CollisionShape3D" parent="ground/MeshInstance3D4/StaticBody3D"]
shape = SubResource("BoxShape3D_q0hrp")

[node name="MeshInstance3D5" type="MeshInstance3D" parent="ground"]
transform = Transform3D(0.544539, -0.66316, 0.513515, -0.358452, 0.369515, 0.857305, -0.758281, -0.650906, -0.0364954, 16.9512, -4.76837e-07, -12.9552)
mesh = SubResource("BoxMesh_31i71")

[node name="StaticBody3D" type="StaticBody3D" parent="ground/MeshInstance3D5"]

[node name="CollisionShape3D" type="CollisionShape3D" parent="ground/MeshInstance3D5/StaticBody3D"]
shape = SubResource("BoxShape3D_q0hrp")

[node name="MeshInstance3D6" type="MeshInstance3D" parent="ground"]
transform = Transform3D(0.732374, 0.680782, 0.012786, -0.358452, 0.369515, 0.857304, 0.578913, -0.632451, 0.514651, -1.25199, -2.38419e-06, -20.2828)
mesh = SubResource("BoxMesh_31i71")

[node name="StaticBody3D" type="StaticBody3D" parent="ground/MeshInstance3D6"]

[node name="CollisionShape3D" type="CollisionShape3D" parent="ground/MeshInstance3D6/StaticBody3D"]
shape = SubResource("BoxShape3D_4021c")

[node name="MeshInstance3D7" type="MeshInstance3D" parent="ground"]
transform = Transform3D(-0.928336, 0.328693, 0.173649, -0.174101, -0.797149, 0.578137, 0.328454, 0.506473, 0.797247, 0.509666, -2.38419e-06, -15.9882)
mesh = SubResource("BoxMesh_31i71")

[node name="StaticBody3D" type="StaticBody3D" parent="ground/MeshInstance3D7"]
transform = Transform3D(1, -8.9407e-08, 5.96046e-08, -7.45058e-08, 1, 2.98023e-08, -5.96046e-08, -2.98023e-08, 1, 0, 0, 0)

[node name="CollisionShape3D" type="CollisionShape3D" parent="ground/MeshInstance3D7/StaticBody3D"]
transform = Transform3D(1, 0, -5.96046e-08, 0, 1, 5.96046e-08, 0, -1.49012e-07, 1, 0, 0, 0)
shape = SubResource("BoxShape3D_q0hrp")

[node name="MeshInstance3D8" type="MeshInstance3D" parent="ground"]
transform = Transform3D(-0.773922, -0.63077, -0.056338, 0.524108, -0.687899, 0.502102, -0.355466, 0.359061, 0.862972, -19.8871, -4.29153e-06, -12.9271)
mesh = SubResource("BoxMesh_31i71")

[node name="StaticBody3D" type="StaticBody3D" parent="ground/MeshInstance3D8"]

[node name="CollisionShape3D" type="CollisionShape3D" parent="ground/MeshInstance3D8/StaticBody3D"]
shape = SubResource("BoxShape3D_q0hrp")

[node name="MeshInstance3D9" type="MeshInstance3D" parent="ground"]
transform = Transform3D(0.380324, 0.917748, 0.114418, -0.54403, 0.121954, 0.830156, 0.74792, -0.377975, 0.545665, -14.6654, -6.19888e-06, 9.65985)
mesh = SubResource("BoxMesh_31i71")

[node name="StaticBody3D" type="StaticBody3D" parent="ground/MeshInstance3D9"]

[node name="CollisionShape3D" type="CollisionShape3D" parent="ground/MeshInstance3D9/StaticBody3D"]
shape = SubResource("BoxShape3D_q0hrp")

[connection signal="pressed" from="ui/host" to="." method="_on_host_pressed"]
[connection signal="pressed" from="ui/join" to="." method="_on_join_pressed"]
